941
3362
1757
264
4750
1612
2127
3484
3673
1578
2272
208
1869
3826
4447
493
2621
2335
3552
1316
2998
3452
3545
1873
1054
4520
665
4471
694
1458
97
105
3699
3506
2722
2454
2858
1117
4997
4114
2601
2958
2605
2302
4231
2922
2643
1880
1613
3986
582
3175
2284
3304
1701
1518
2962
1238
4641
4745
4943
749
3413
1533
2286
1586
109
2653
4536
744
2822
3493
3952
3490
746
1783
1639
4420
663
853
4653
144
3033
3181
1009
693
1350
3157
4884
3907
3778
256
4144
837
2168
2288
632
1459
585
3005
4154
314
1290
1498
4169
1376
1874
2015
3574
4511
2540
491
3321
661
4540
1332
1791
2088
4298
4883
1743
3705
4959
2299
2791
1928
2104
274
3328
4569
2929
1050
3023
1080
1408
4538
276
3332
1985
4994
272
727
3448
4080
3118
4426
962
114
271
4738
2373
3150
3289
2364
1247
1548
3441
4175
905
370
2557
3039
2792
2215
374
3871
2076
3331
3589
668
2295
4752
4546
2330
3832
3002
4799
4761
1309
332
4421
213
2403
2826
490
3459
4803
4372
1904
102
3271
686
3627
1048
4832
3999
865
3302
4916
2204
3273
2913
4346
642
4874
1343
968
133
3555
2223
4496
2222
2245
238
360
1115
1178
3457
1939
3954
3244
1611
4798
3584
2519
1153
1963
2303
2156
3604
2655
2453
1307
2799
2561
1301
486
1931
1756
1710
3577
2043
4198
1234
2547
2727
4073
2860
3140
3899
1992
94
3202
2384
986
3354
1098
3538
619
654
2361
4103
735
621
605
1775
1310
4636
1556
1544
3171
1723
1026
4476
3010
1387
536
4215
1200
4453
2122
3053
825
1978
2445
528
3859
862
3433
2397
3004
1440
3016
4140
4307
320
697
290
4502
4942
1725
602
108
2959
2096
1889
3833
2985
631
4290
4721
4051
3880
2280
1447
4900
2130
2887
1574
2756
3100
2010
468
2234
4652
4587
427
4332
2619
2268
1948
4121
4921
2636
684
4382
4444
85
2178
3860
4089
2724
2117
4735
249
1418
4677
446
2798
3768
4244
60
1070
3192
1315
1861
529
3235
3837
1411
2814
4758
4111
4033
42
1317
2165
2705
2599
4905
1213
143
1786
568
4227
1731
1386
2966
1691
816
2370
1792
1513
2262
4670
331
739
2945
2124
785
2317
1750
1195
1139
2877
3948
3970
3921
3241
2703
801
3368
2183
935
2395
4441
1057
1900
189
1949
2838
2736
103
1605
751
4288
1168
2663
2363
194
218
4557
4097
1571
1025
3596
3887
231
3681
1901
975
2944
3480
2782
3318
3212
2775
3020
1722
1233
2285
3084
1884
4709
4162
1713
4702
1683
3769
4192
280
1109
4879
809
2477
4649
3278
2550
594
197
387
1898
3395
832
561
3735
554
533
4371
1573
767
86
940
1761
3547
1189
1744
1229
3730
4237
2014
4472
3894
2283
1433
2084
999
4462
2323
4440
2706
120
2542
4310
3672
1705
748
4716
1300
3595
4593
245
1451
429
2896
352
3166
4478
2904
938
979
3470
1245
3341
2359
2672
2906
2341
4249
13
237
4424
3515
3234
3576
1261
2908
1014
966
3638
2203
2108
2751
4284
4510
4949
3680
31
4375
1995
3623
2530
2650
3350
3971
4823
3206
2707
4458
4241
1532
3626
2494
2630
976
179
193
622
1737
4405
26
2372
2467
3591
1076
240
19
2911
4555
2834
4318
4503
2487
4927
1283
2781
293
3997
4859
4787
4586
2406
711
872
3252
4157
4400
4336
1650
1305
4180
4435
2901
89
4793
4878
148
294
4320
4014
441
1538
4355
1185
3353
1866
4605
2723
3082
77
226
3790
4146
3193
3904
3250
3683
383
541
328
4148
3702
2148
2836
2422
4843
3725
246
3066
2995
4568
1549
2407
2499
3232
3938
4899
1208
4043
1013
3073
3544
1572
4975
4254
3285
2172
4396
59
1878
1401
994
3078
508
1046
2035
76
2659
127
4341
4074
3439
2591
2057
4348
1745
4455
4368
4280
3355
177
4819
2693
1950
57
3160
1817
4941
185
1583
4316
1362
2258
88
4890
2024
3514
3762
782
4554
244
1426
4258
1594
1280
3223
4035
3055
3737
4488
1902
310
4358
3687
1959
1201
3017
380
4968
3916
2439
1863
4777
259
4693
116
4714
368
2795
1277
323
1152
419
1049
543
531
1819
2575
802
3528
2817
3419
2625
1286
4508
1249
1759
2525
1197
601
4719
3568
2390
1132
253
2282
2717
1546
557
831
3886
47
3556
660
3932
722
4147
4864
1885
3845
4415
1813
309
4744
788
2739
3965
1092
1373
2205
3656
1656
3056
3976
2793
1980
798
2844
4105
484
4264
790
2935
2195
677
3488
2470
3704
1914
3086
1810
1017
4343
2004
2278
4030
4136
3051
4294
1974
67
3013
1372
4232
965
648
4514
1439
3222
372
974
4971
3500
3651
2123
2815
2940
4208
1164
3164
4621
4490
3594
3918
337
2570
2442
1323
2099
3177
2090
4590
3665
58
1033
3437
4973
3165
2208
4044
725
187
4934
3535
670
2867
813
701
4145
720
1064
4003
2816
4410
4027
706
2055
2538
4031
3573
856
3717
4727
1937
1755
3996
313
4655
4266
852
3881
653
3382
3189
4360
2301
4388
2339
4987
687
2543
4907
3337
3814
4728
914
100
4221
1377
362
2558
1073
3245
388
1934
367
3767
2221
136
3653
2566
2732
2242
773
1165
3153
828
3599
3089
2533
4448
1765
3242
1133
2733
456
4632
1519
678
1273
2046
288
3346
4065
4847
1445
2292
2786
2469
3408
1616
1483
386
2402
989
1177
4979
250
506
3147
1570
2141
3058
537
257
382
2903
4122
1140
804
485
1864
1366
549
615
1598
3123
4119
4531
2019
4260
2107
987
3069
3429
3062
1485
394
4277
3719
210
1047
597
4222
4924
435
1230
1895
1797
3185
2620
3014
898
1419
3516
3795
3221
235
1996
252
2758
3745
4985
134
1331
2496
4756
2085
3781
3867
